0.004787  0.000000 
0.009575  0.000000 
0.014362  0.000000 
0.019149  0.000000 
0.023937  0.000000 
0.028724  0.000000 
0.033511  0.000000 
0.038298  0.000000 
0.043086  0.000000 
0.047873  0.000000 
0.052660  0.000000 
0.057448  0.000000 
0.062235  0.000000 
0.067022  0.000000 
0.071810  0.000000 
0.076597  0.000000 
0.081384  0.000000 
0.086172  0.000000 
0.090959  0.000000 
0.095746  6.458333 
0.100533  3.571429 
0.105321  3.093434 
0.110108  1.932367 
0.114895  1.331019 
0.119683  0.944444 
0.124470  0.534188 
0.129257  0.257202 
0.134045  0.248016 
0.138832  0.287356 
0.143619  0.416667 
0.148407  0.179211 
0.153194  0.173611 
0.157981  0.252525 
0.162768  0.612745 
0.167556  0.714286 
0.172343  1.118827 
0.177130  1.351351 
0.181918  1.388889 
0.186705  1.317664 
0.191492  1.909722 
0.196280  2.235772 
0.201067  1.521164 
0.205854  1.518088 
0.210642  1.420455 
0.215429  1.080247 
0.220216  0.785024 
0.225003  0.827423 
0.229791  0.607639 
0.234578  0.396825 
0.239365  0.277778 
0.244153  0.626362 
0.248940  0.373932 
0.253727  0.471698 
0.258515  0.745885 
0.263302  0.984848 
0.268089  1.413690 
0.272877  1.145224 
0.277664  1.340996 
0.282451  1.694915 
0.287238  1.435185 
0.292026  1.616576 
0.296813  1.321685 
0.301600  1.234568 
0.306388  0.954861 
0.311175  1.047009 
0.315962  0.715488 
0.320750  0.891376 
0.325537  0.857843 
0.330324  0.644122 
0.335112  0.555556 
0.339899  0.606416 
0.344686  0.694444 
0.349473  0.780061 
0.354261  0.863363 
0.359048  1.018519 
0.363835  1.206140 
0.368623  1.190476 
0.373410  1.442308 
0.378197  1.459212 
0.382985  1.284722 
0.387772  1.217421 
0.392559  1.219512 
0.397347  1.037483 
0.402134  1.041667 
0.406921  1.013072 
0.411708  0.791344 
0.416496  0.878033 
0.421283  0.631313 
0.426070  0.624220 
0.430858  1.064815 
0.435645  0.656288 
0.440432  0.800121 
0.445220  0.925926 
0.450007  0.842199 
0.454794  1.184211 
0.459582  1.128472 
0.464369  1.288660 
0.469156  1.318027 
0.473943  1.332772 
0.478731  1.125000 
0.483518  1.100110 
0.488305  0.994009 
0.493093  1.105717 
0.497880  0.921474 
